600000
20
1 1 5000.00	5,000.00 300.00
2 1 9000.00	0.00 1,000.00
3 1 20000.00 -400.00 0.00
4 1 100000.00 15,000.00 30,000.00
5 1 1500.00 0.00 400.00
6 2 1500.00 400.00 200.00
7 2 4000.00 200.00 200.00
8 2 7000.00 0.00 0.00
9 2 7001.00 0.00 0.00
10 2 10000.00 0.00 0.00
11 2 10001.00 0.00 0.00
12 2 50000.00 0.00 0.00
13 2 50001.00 0.00 0.00
14 3 1500.00 0.00 0.00
15 3 4000.00 0.00 0.00
16 3 7001.00 0.00 0.00
17 3 10001.00 0.00 0.00
18 3 50000.00 0.00 0.00
19 3 50001.00 0.00 0.00
20 3 42000.00 -10,000.00 2,000.00
